.Random.seed <-
c(403L, 1L, -484911013L, 959766457L, 932404744L, -932197194L, 
-628139023L, 1657513507L, 142464626L, 224398532L, -1596208505L, 
1364869725L, -2119646124L, -743321990L, -812847675L, -77443297L, 
1546795686L, -1087046608L, -212181293L, -2118894351L, -352495584L, 
-2007859522L, -832742711L, 2146447483L, 818097738L, -1330750804L, 
-988688977L, 1262484837L, -1717245156L, -618000526L, 1868932077L, 
1072129063L, 175832142L, -340049752L, 1289350827L, -715912247L, 
2082908120L, -1883296122L, -722061471L, -1352242445L, -1974880926L, 
-677428268L, -203004201L, 1993051341L, 349850724L, 614466122L, 
-663484491L, -1309025521L, 1500145686L, 2005824192L, -1151368061L, 
-1072828255L, -1587677552L, 1746937198L, -887876839L, 774477739L, 
1079096730L, -2130521764L, 490940511L, 1126328373L, 520514508L, 
127590178L, 1989149053L, -696800649L, -2087701602L, 930611800L, 
-1791185989L, -1627923111L, 1110611688L, -1047992554L, -24860527L, 
1609164099L, -2076401582L, 1191707364L, -873523929L, 777809277L, 
1868620916L, -1518850470L, 1573214885L, 1872781503L, 1236312902L, 
-1787465264L, 1886344179L, -1007850735L, -1435313344L, 1500996382L, 
-504927255L, 597434651L, -928294102L, 1240915020L, 1069323279L, 
931487557L, 430127356L, 1539032914L, 709560525L, -412657529L, 
-624800914L, -1924227768L, -238810805L, -1054647127L, 484572664L, 
-288578266L, -1852844479L, -205561901L, -944573054L, -2022696524L, 
-601823945L, 1703882797L, 1371077956L, 816806506L, 1752634581L, 
-924999057L, 2011170678L, 1140025504L, -435142301L, -1439165951L, 
1952817520L, 1071218958L, -88640647L, -1194050805L, -566664134L, 
165643068L, -1079338881L, 1780841429L, -907209236L, 656529218L, 
-1647732579L, 1825186071L, -254003074L, 819400760L, -943290597L, 
-241531783L, 507579592L, -1237132042L, -301720271L, -974062237L, 
-1974771918L, -504751996L, -1930148665L, -1944246371L, 703296276L, 
295920058L, 1618180101L, 318049759L, 1628913766L, 102068208L, 
954452243L, -2090961231L, -940457632L, -1819412738L, 2116375177L, 
-1282413125L, 812267402L, -1637040532L, -1305550865L, 1334769701L, 
1275992284L, -757809486L, 740012461L, 116028775L, -722746738L, 
-399078552L, 890172267L, 811683081L, -710769768L, 1374819014L, 
-823453663L, -1630950221L, 1685040674L, -1435750380L, -471567209L, 
1274093197L, -1067954268L, -520908406L, -223818251L, -1288429489L, 
-1107273898L, -2019144192L, -1242693821L, -446163231L, -7621552L, 
-628998994L, 887212121L, -591435669L, 1373826522L, 1797183132L, 
1972086943L, -2084330763L, 371220364L, -1106997662L, -705580483L, 
1811512503L, -1417084066L, 267331224L, -1019001349L, 2044516249L, 
779378728L, 1712662742L, 786836817L, 898300931L, 949216146L, 
-1318498012L, -1493874713L, 56474685L, -1029051724L, -1523201766L, 
-808039835L, -209043713L, -2037660794L, -76036848L, -133063245L, 
-832668079L, -1842938368L, 460348126L, 1150384425L, -1170881317L, 
-341064726L, -1804373108L, -675646257L, -184099707L, -1448847556L, 
148194834L, -127679219L, 1656335943L, 87045166L, -2008794744L, 
-1422294901L, 2145507945L, 1431103032L, 1692109600L, 1582168706L, 
-2034621976L, -1581816852L, 826414652L, 296992370L, -103943312L, 
472501540L, 555473464L, 947360154L, 2040186320L, -1678973508L, 
1327449748L, -968129918L, -1564666432L, -1790693572L, 1615753872L, 
-1462900958L, 1902401032L, -66223348L, 422042524L, 1886389266L, 
-1988635776L, -1553528044L, 2131604776L, 622235706L, 1068839888L, 
-1566647700L, -1882047436L, 1566906514L, -319143584L, -1121800884L, 
-840086048L, -1644514398L, -1365505112L, -897954676L, 183141308L, 
-597967758L, 1370183664L, -1719659452L, 351647832L, 942301242L, 
-583487376L, 452023868L, 1570510612L, -646141246L, -1424862496L, 
1036143740L, 2125397200L, -338900062L, 753610280L, 1477343500L, 
1580095420L, 1637607730L, -105963328L, -1953791436L, -1193833784L, 
1259518650L, -1705638768L, 1368585964L, -1745985964L, -1491892590L, 
1258034976L, 655181772L, 1680941280L, -1790099774L, -555219928L, 
-1230468180L, 1354406588L, 1641433586L, 1548178992L, 1303168932L, 
1003590072L, 1528034138L, -275188592L, -76088452L, -1558939884L, 
1007701314L, -1260404992L, -2112359492L, -712372400L, -806856414L, 
1720885832L, 1056337932L, 998896732L, 993706450L, 1182195200L, 
1452929364L, -1730318104L, 1347588346L, -306805040L, 859902252L, 
-687632140L, -717378158L, 630696288L, -2054166516L, 602923744L, 
-750060958L, -2026597720L, -2124846516L, 225320828L, -491338446L, 
1658140272L, -2043276476L, 1539090392L, 1515050874L, -1801853392L, 
644798396L, -1916946860L, -1670668222L, -1193168736L, 1651308220L, 
1525545424L, -1255550110L, -1543376152L, 1222484172L, 1182278140L, 
-247635470L, 1665444480L, 775511540L, 760915592L, 1766793018L, 
413422416L, 1268321388L, 177729940L, 1387852882L, 1171964384L, 
985492684L, 576472224L, -1793227390L, -1703352088L, -2137827604L, 
1692681532L, -338207630L, 179910768L, -1014681564L, 1968135224L, 
-1147474150L, -711807792L, 2083962684L, -2102511724L, 358081410L, 
-1443927616L, 687537724L, -1277139568L, -588472798L, 1046463752L, 
-2098299252L, -1539707108L, -91619182L, -628065920L, -1322199532L, 
1843638056L, 951740986L, -1482342960L, -474314388L, -790363212L, 
845002770L, 401606112L, -26552372L, -649543456L, 532658210L, 
1367519528L, 2072874508L, 135489340L, -1058270222L, -1286182160L, 
-1092604348L, 182620760L, 1793850L, 687019504L, -1656424772L, 
1223760148L, -1112091966L, 1353876576L, -57142404L, 365520848L, 
-1948471006L, 477182632L, -1513522292L, -454047556L, -583532750L, 
-1987843520L, 1545936052L, -489688504L, -2042497606L, -801832432L, 
-1555930388L, 883269972L, 1372365074L, 1166634400L, 1819030220L, 
1981316704L, 1910593474L, -832325848L, 408498092L, -246172868L, 
436537714L, -1162601680L, -983450332L, 886901560L, 292286170L, 
1899775888L, -1654157572L, 1504623508L, -488099774L, 1786844416L, 
-1022376900L, 810352976L, -591626078L, 1854222664L, 1142359820L, 
-557710628L, -557277870L, 660001920L, -1568509868L, 1320734696L, 
-1550227206L, 1579162448L, 616283948L, 296274292L, 457223058L, 
-877463456L, -695296628L, 615299936L, 1485797858L, -650751064L, 
523845898L, -1001435137L, -263691703L, 699369438L, 571705228L, 
-421750947L, -1132851353L, -317164400L, 92887726L, -1693337765L, 
1205241661L, 1199633834L, 26688072L, 289151601L, -608896029L, 
1348658916L, 103661074L, 705300967L, 1536452017L, 1840767990L, 
1120914964L, -570322651L, -1313899985L, 363036648L, 1310714054L, 
-462000781L, 1522038229L, 1705130418L, -456312960L, -1555747991L, 
-2117853221L, 542525228L, -1895651014L, 694245359L, -532372871L, 
1585603854L, 809012444L, 286073677L, 1443916471L, 1893402688L, 
189901086L, -1649757205L, -730513555L, -242944550L, 1187497880L, 
584910337L, -1729681485L, -484583724L, 541224930L, 1759056503L, 
2080771009L, -4458170L, 1470277764L, -159027659L, -1714022881L, 
1295675768L, -1416982442L, -996385565L, -399992155L, -1288165566L, 
-1232988880L, 1894466905L, 361014987L, -123756740L, 758019946L, 
1901106591L, -1993921495L, 1380724414L, 944570284L, -1923201795L, 
63651911L, -1569882320L, 660826190L, -907877253L, -1008138275L, 
832173578L, -1849062616L, -657001071L, -2001851517L, 1528746116L, 
-64504142L, 1927348743L, 1007850065L, -1932654122L, 1656894644L, 
-1183895355L, 565936655L, -423675256L, -1985585242L, -1190922413L, 
-219182923L, -2076637678L, -945949728L, 1891911241L, 209597563L, 
1454339404L, 2045952218L, 1275662543L, -1084937063L, 55513262L, 
1598328252L, 871708205L, 1487122903L, 38516768L, 1062706558L, 
-1078262965L, -212039347L, -265894022L, -1824044616L, 143326049L, 
-1985217773L, -1318194380L, 666816834L, 1360627031L, -1254842207L, 
-1627616922L, 1558739812L, 486511253L, 1818604479L, -767981736L, 
314719606L, -1185316989L, 906806725L, -777348382L, 926327632L, 
-711491975L, 461889963L, -2009827556L, 902365258L, 937894975L, 
-2023455607L, 1950306462L, 71228748L, 870722845L, 1635756199L, 
784230352L, 574066542L, 591447579L, -1798918275L, -48384662L, 
-583996408L, -1297640271L, -1096486109L, -390479836L, -714566958L, 
43677479L, 986138993L, 1646620598L, -1224793260L, 240881125L, 
